# nothing

[/home/graz/Documents/Books/awk_manual.pdf]
page=22
offset=0
zoom=1.5605013889389256
rotate=0
pages-per-row=1
first-page-column=1:2
page-right-to-left=false
position-x=0.14258684302258406
position-y=0.16673423608899621
time=1597909931
jumplist=5 0.48426150121065376 0.038754583046844628 5 0.5157384987893463 0.03822930137857105 19 0.5157384987893463 0.14205096943832574 23 0.87349672007528434 0.17187358147063339 27 0.52580504860715138 0.2011631708499852 27 0.53902629783998579 0.20158040519945467 27 0.48426150121065376 0.20193246304138468 27 0.48021832795135894 0.20203672800324499 30 0.29489272238693637 0.22320271190527888 30 0.45492494940334971 0.22355791078371681 29 0.48426150121065376 0.22003853220542002 27 0.48021832795135894 0.20203672800324499 27 0.48236380112783833 0.20193246304138468 27 0.5157384987893463 0.20158040519945467 27 0.52580504860715138 0.2011631708499852 23 0.87349672007528434 0.17187358147063339 123 0.73509913617983458 0.90721053936561979 126 0.48426150121065376 0.93301694960682424 129 0.79338842975206614 0.9550071485064543 12 0.51136887592529989 0.090484790676854721 15 0.36175192579943427 0.11564293428909274 17 0.20661157024793386 0.12801242117013523 19 0.87798854391162573 0.14139644981606531 19 0.19338657310296853 0.14207151424807574 19 0.23884981607471489 0.14593657222285761 22 0.14258684302258406 0.16673423608899621 

[CczLff9UARBGt2nNwuyuW00e7F0LSWQdWoTeHAimuYY=]
page=22
offset=0
zoom=1.5605013889389256
rotate=0
pages-per-row=1
first-page-column=1:2
page-right-to-left=false
position-x=0.14258684302258406
position-y=0.16673423608899621
time=1597909931

[/home/graz/Downloads/Storytelling with Data_ A Data Visualization Guide for Business Professionals ( PDFDrive ).pdf]
page=20
offset=0
zoom=1.3149731134020626
rotate=0
pages-per-row=1
first-page-column=1:2
page-right-to-left=false
position-x=0.37131630648330061
position-y=0.071158611442510636
time=1600938960
jumplist=

[J9vVy25iRHuXhUrPlAxxIp4/hudqd3466LNp+sUAlFA=]
page=20
offset=0
zoom=1.3149731134020626
rotate=0
pages-per-row=1
first-page-column=1:2
page-right-to-left=false
position-x=0.37131630648330061
position-y=0.071158611442510636
time=1600938960
